sorted250.txt,
BstMultiset, 0.01527031672, 0.016504790739999997, 0.013211198579999998, 0.015109830400000007, 0.017250689120000003, 0.020568089379999998 
LinkedListMultiset, 0.023069003480000003, 0.025266438240000008, 0.026723103200000008, 0.025604895800000006, 0.027339824100000003, 0.022668389319999992, 
SortedLinkedListMultiset, 0.02502974078000001, 0.024457854099999992, 0.026581697440000003, 0.029473165000000003, 0.026506655379999997, 0.021169313600000003, 

500rand.txt, 
BstMultiset, 0.00515787736, 0.005215528480000001, 0.0053201385600000015, 0.005388123580000002, 0.005294393340000001, 0.00512215676,  
LinkedListMultiset, 0.024460448239999998, 0.025343750259999992, 0.027192112120000004, 0.02703817086, 0.025703498379999988, 0.023545026859999995, 
SortedLinkedListMultiset, 0.02261282028, 0.02352738847999999, 0.026655314559999997, 0.026019402200000003, 0.024363569340000005, 0.021264972259999997,

1000rand.txt,
BstMultiset, 0.0140233582, 0.014813433600000002, 0.012440835120000002, 0.013971953499999998, 0.015506664319999997, 0.01793914106,
LinkedListMultiset, 0.02385741496, 0.024084981739999997, 0.029251196000000007, 0.026359404199999995, 0.024981024060000002, 0.021694198740000004,
SortedLinkedListMultiset, 0.025423016359999995, 0.02427832988, 0.027448786139999997, 0.02642641652, 0.02622430455999999, 0.02115321972,

